{
 "cells": [
  {
   "cell_type": "code",
   "execution_count": 1,
   "metadata": {
    "ExecuteTime": {
     "end_time": "2019-06-23T08:52:48.655995Z",
     "start_time": "2019-06-23T08:52:48.652992Z"
    }
   },
   "outputs": [],
   "source": [
    "import numpy as np"
   ]
  },
  {
   "cell_type": "code",
   "execution_count": 2,
   "metadata": {
    "ExecuteTime": {
     "end_time": "2019-06-23T08:52:59.239678Z",
     "start_time": "2019-06-23T08:52:59.236676Z"
    }
   },
   "outputs": [
    {
     "name": "stdout",
     "output_type": "stream",
     "text": [
      "1.14.0\n"
     ]
    }
   ],
   "source": [
    "print(np.__version__)"
   ]
  },
  {
   "cell_type": "code",
   "execution_count": 3,
   "metadata": {
    "ExecuteTime": {
     "end_time": "2019-06-23T08:53:18.427370Z",
     "start_time": "2019-06-23T08:53:18.422366Z"
    }
   },
   "outputs": [
    {
     "name": "stdout",
     "output_type": "stream",
     "text": [
      "mkl_info:\n",
      "    libraries = ['mkl_rt']\n",
      "    library_dirs = ['d:/ProgramData/Anaconda3\\\\Library\\\\lib']\n",
      "    define_macros = [('SCIPY_MKL_H', None), ('HAVE_CBLAS', None)]\n",
      "    include_dirs = ['C:\\\\Program Files (x86)\\\\IntelSWTools\\\\compilers_and_libraries_2016.4.246\\\\windows\\\\mkl', 'C:\\\\Program Files (x86)\\\\IntelSWTools\\\\compilers_and_libraries_2016.4.246\\\\windows\\\\mkl\\\\include', 'C:\\\\Program Files (x86)\\\\IntelSWTools\\\\compilers_and_libraries_2016.4.246\\\\windows\\\\mkl\\\\lib', 'd:/ProgramData/Anaconda3\\\\Library\\\\include']\n",
      "blas_mkl_info:\n",
      "    libraries = ['mkl_rt']\n",
      "    library_dirs = ['d:/ProgramData/Anaconda3\\\\Library\\\\lib']\n",
      "    define_macros = [('SCIPY_MKL_H', None), ('HAVE_CBLAS', None)]\n",
      "    include_dirs = ['C:\\\\Program Files (x86)\\\\IntelSWTools\\\\compilers_and_libraries_2016.4.246\\\\windows\\\\mkl', 'C:\\\\Program Files (x86)\\\\IntelSWTools\\\\compilers_and_libraries_2016.4.246\\\\windows\\\\mkl\\\\include', 'C:\\\\Program Files (x86)\\\\IntelSWTools\\\\compilers_and_libraries_2016.4.246\\\\windows\\\\mkl\\\\lib', 'd:/ProgramData/Anaconda3\\\\Library\\\\include']\n",
      "blas_opt_info:\n",
      "    libraries = ['mkl_rt']\n",
      "    library_dirs = ['d:/ProgramData/Anaconda3\\\\Library\\\\lib']\n",
      "    define_macros = [('SCIPY_MKL_H', None), ('HAVE_CBLAS', None)]\n",
      "    include_dirs = ['C:\\\\Program Files (x86)\\\\IntelSWTools\\\\compilers_and_libraries_2016.4.246\\\\windows\\\\mkl', 'C:\\\\Program Files (x86)\\\\IntelSWTools\\\\compilers_and_libraries_2016.4.246\\\\windows\\\\mkl\\\\include', 'C:\\\\Program Files (x86)\\\\IntelSWTools\\\\compilers_and_libraries_2016.4.246\\\\windows\\\\mkl\\\\lib', 'd:/ProgramData/Anaconda3\\\\Library\\\\include']\n",
      "lapack_mkl_info:\n",
      "    libraries = ['mkl_rt']\n",
      "    library_dirs = ['d:/ProgramData/Anaconda3\\\\Library\\\\lib']\n",
      "    define_macros = [('SCIPY_MKL_H', None), ('HAVE_CBLAS', None)]\n",
      "    include_dirs = ['C:\\\\Program Files (x86)\\\\IntelSWTools\\\\compilers_and_libraries_2016.4.246\\\\windows\\\\mkl', 'C:\\\\Program Files (x86)\\\\IntelSWTools\\\\compilers_and_libraries_2016.4.246\\\\windows\\\\mkl\\\\include', 'C:\\\\Program Files (x86)\\\\IntelSWTools\\\\compilers_and_libraries_2016.4.246\\\\windows\\\\mkl\\\\lib', 'd:/ProgramData/Anaconda3\\\\Library\\\\include']\n",
      "lapack_opt_info:\n",
      "    libraries = ['mkl_rt']\n",
      "    library_dirs = ['d:/ProgramData/Anaconda3\\\\Library\\\\lib']\n",
      "    define_macros = [('SCIPY_MKL_H', None), ('HAVE_CBLAS', None)]\n",
      "    include_dirs = ['C:\\\\Program Files (x86)\\\\IntelSWTools\\\\compilers_and_libraries_2016.4.246\\\\windows\\\\mkl', 'C:\\\\Program Files (x86)\\\\IntelSWTools\\\\compilers_and_libraries_2016.4.246\\\\windows\\\\mkl\\\\include', 'C:\\\\Program Files (x86)\\\\IntelSWTools\\\\compilers_and_libraries_2016.4.246\\\\windows\\\\mkl\\\\lib', 'd:/ProgramData/Anaconda3\\\\Library\\\\include']\n"
     ]
    }
   ],
   "source": [
    "np.show_config()"
   ]
  },
  {
   "cell_type": "code",
   "execution_count": 4,
   "metadata": {
    "ExecuteTime": {
     "end_time": "2019-06-23T08:53:42.294794Z",
     "start_time": "2019-06-23T08:53:42.253738Z"
    }
   },
   "outputs": [
    {
     "name": "stdout",
     "output_type": "stream",
     "text": [
      "[0. 0. 0. 0. 0. 0. 0. 0. 0. 0.]\n"
     ]
    }
   ],
   "source": [
    "Z = np.zeros(10)\n",
    "print(Z)"
   ]
  },
  {
   "cell_type": "code",
   "execution_count": 5,
   "metadata": {
    "ExecuteTime": {
     "end_time": "2019-06-23T08:53:54.692456Z",
     "start_time": "2019-06-23T08:53:54.688456Z"
    }
   },
   "outputs": [
    {
     "name": "stdout",
     "output_type": "stream",
     "text": [
      "800 bytes\n"
     ]
    }
   ],
   "source": [
    "Z = np.zeros((10, 10))\n",
    "print(\"%d bytes\" % (Z.size * Z.itemsize))"
   ]
  },
  {
   "cell_type": "code",
   "execution_count": 8,
   "metadata": {
    "ExecuteTime": {
     "end_time": "2019-06-23T08:54:59.240933Z",
     "start_time": "2019-06-23T08:54:59.234912Z"
    }
   },
   "outputs": [
    {
     "name": "stdout",
     "output_type": "stream",
     "text": [
      "[0. 0. 0. 0. 1. 0. 0. 0. 0. 0.]\n"
     ]
    }
   ],
   "source": [
    "Z = np.zeros(10)\n",
    "Z[4] = 1\n",
    "print(Z)"
   ]
  },
  {
   "cell_type": "code",
   "execution_count": 9,
   "metadata": {
    "ExecuteTime": {
     "end_time": "2019-06-23T08:55:08.740743Z",
     "start_time": "2019-06-23T08:55:08.678719Z"
    }
   },
   "outputs": [
    {
     "name": "stdout",
     "output_type": "stream",
     "text": [
      "[10 11 12 13 14 15 16 17 18 19 20 21 22 23 24 25 26 27 28 29 30 31 32 33\n",
      " 34 35 36 37 38 39 40 41 42 43 44 45 46 47 48 49]\n"
     ]
    }
   ],
   "source": [
    "Z = np.arange(10, 50)\n",
    "print(Z)"
   ]
  },
  {
   "cell_type": "code",
   "execution_count": 10,
   "metadata": {
    "ExecuteTime": {
     "end_time": "2019-06-23T08:55:18.154634Z",
     "start_time": "2019-06-23T08:55:18.149630Z"
    }
   },
   "outputs": [
    {
     "name": "stdout",
     "output_type": "stream",
     "text": [
      "[49 48 47 46 45 44 43 42 41 40 39 38 37 36 35 34 33 32 31 30 29 28 27 26\n",
      " 25 24 23 22 21 20 19 18 17 16 15 14 13 12 11 10  9  8  7  6  5  4  3  2\n",
      "  1  0]\n"
     ]
    }
   ],
   "source": [
    "Z = np.arange(50)\n",
    "Z = Z[::-1]\n",
    "print(Z)"
   ]
  },
  {
   "cell_type": "code",
   "execution_count": 11,
   "metadata": {
    "ExecuteTime": {
     "end_time": "2019-06-23T08:55:25.808587Z",
     "start_time": "2019-06-23T08:55:25.792572Z"
    }
   },
   "outputs": [
    {
     "name": "stdout",
     "output_type": "stream",
     "text": [
      "[[0 1 2]\n",
      " [3 4 5]\n",
      " [6 7 8]]\n"
     ]
    }
   ],
   "source": [
    "Z = np.arange(9).reshape(3, 3)\n",
    "print(Z)"
   ]
  },
  {
   "cell_type": "code",
   "execution_count": 12,
   "metadata": {
    "ExecuteTime": {
     "end_time": "2019-06-23T08:55:33.591203Z",
     "start_time": "2019-06-23T08:55:33.555178Z"
    }
   },
   "outputs": [
    {
     "name": "stdout",
     "output_type": "stream",
     "text": [
      "(array([0, 1, 4], dtype=int64),)\n"
     ]
    }
   ],
   "source": [
    "nz = np.nonzero([1, 2, 0, 0, 4, 0])\n",
    "print(nz)"
   ]
  },
  {
   "cell_type": "code",
   "execution_count": 13,
   "metadata": {
    "ExecuteTime": {
     "end_time": "2019-06-23T08:55:42.718170Z",
     "start_time": "2019-06-23T08:55:42.714167Z"
    }
   },
   "outputs": [
    {
     "name": "stdout",
     "output_type": "stream",
     "text": [
      "[[1. 0. 0.]\n",
      " [0. 1. 0.]\n",
      " [0. 0. 1.]]\n"
     ]
    }
   ],
   "source": [
    "Z = np.eye(3)\n",
    "print(Z)"
   ]
  },
  {
   "cell_type": "code",
   "execution_count": 14,
   "metadata": {
    "ExecuteTime": {
     "end_time": "2019-06-23T08:55:57.904661Z",
     "start_time": "2019-06-23T08:55:57.882639Z"
    }
   },
   "outputs": [
    {
     "name": "stdout",
     "output_type": "stream",
     "text": [
      "[[[0.3507504  0.23595324 0.81105871]\n",
      "  [0.92935442 0.16787319 0.60474013]\n",
      "  [0.26274593 0.85327539 0.75543018]]\n",
      "\n",
      " [[0.82046668 0.32534011 0.11993568]\n",
      "  [0.5165186  0.44485712 0.81671177]\n",
      "  [0.10026966 0.75164507 0.85210156]]\n",
      "\n",
      " [[0.45956311 0.81819249 0.24795771]\n",
      "  [0.78741246 0.94761715 0.40891906]\n",
      "  [0.19276187 0.39982781 0.48540311]]]\n"
     ]
    }
   ],
   "source": [
    "Z = np.random.random((3, 3, 3))\n",
    "print(Z)"
   ]
  },
  {
   "cell_type": "code",
   "execution_count": 15,
   "metadata": {
    "ExecuteTime": {
     "end_time": "2019-06-23T08:56:07.655447Z",
     "start_time": "2019-06-23T08:56:07.648443Z"
    }
   },
   "outputs": [
    {
     "name": "stdout",
     "output_type": "stream",
     "text": [
      "0.0015477489144202217 0.9913079166048616\n"
     ]
    }
   ],
   "source": [
    "Z = np.random.random((10, 10))\n",
    "Zmin, Zmax = Z.min(), Z.max()\n",
    "print(Zmin, Zmax)"
   ]
  },
  {
   "cell_type": "code",
   "execution_count": 16,
   "metadata": {
    "ExecuteTime": {
     "end_time": "2019-06-23T08:56:16.861652Z",
     "start_time": "2019-06-23T08:56:16.845630Z"
    }
   },
   "outputs": [
    {
     "name": "stdout",
     "output_type": "stream",
     "text": [
      "0.40216842536705794\n"
     ]
    }
   ],
   "source": [
    "Z = np.random.random(30)\n",
    "m = Z.mean()\n",
    "print(m)"
   ]
  },
  {
   "cell_type": "code",
   "execution_count": 17,
   "metadata": {
    "ExecuteTime": {
     "end_time": "2019-06-23T08:56:25.801745Z",
     "start_time": "2019-06-23T08:56:25.794739Z"
    }
   },
   "outputs": [
    {
     "name": "stdout",
     "output_type": "stream",
     "text": [
      "[[1. 1. 1. 1. 1. 1. 1. 1. 1. 1.]\n",
      " [1. 0. 0. 0. 0. 0. 0. 0. 0. 1.]\n",
      " [1. 0. 0. 0. 0. 0. 0. 0. 0. 1.]\n",
      " [1. 0. 0. 0. 0. 0. 0. 0. 0. 1.]\n",
      " [1. 0. 0. 0. 0. 0. 0. 0. 0. 1.]\n",
      " [1. 0. 0. 0. 0. 0. 0. 0. 0. 1.]\n",
      " [1. 0. 0. 0. 0. 0. 0. 0. 0. 1.]\n",
      " [1. 0. 0. 0. 0. 0. 0. 0. 0. 1.]\n",
      " [1. 0. 0. 0. 0. 0. 0. 0. 0. 1.]\n",
      " [1. 1. 1. 1. 1. 1. 1. 1. 1. 1.]]\n"
     ]
    }
   ],
   "source": [
    "Z = np.ones((10, 10))\n",
    "Z[1:-1, 1:-1] = 0\n",
    "print(Z)"
   ]
  },
  {
   "cell_type": "code",
   "execution_count": 18,
   "metadata": {
    "ExecuteTime": {
     "end_time": "2019-06-23T08:56:35.821728Z",
     "start_time": "2019-06-23T08:56:35.796711Z"
    }
   },
   "outputs": [
    {
     "name": "stdout",
     "output_type": "stream",
     "text": [
      "[[0. 0. 0. 0. 0. 0. 0.]\n",
      " [0. 1. 1. 1. 1. 1. 0.]\n",
      " [0. 1. 1. 1. 1. 1. 0.]\n",
      " [0. 1. 1. 1. 1. 1. 0.]\n",
      " [0. 1. 1. 1. 1. 1. 0.]\n",
      " [0. 1. 1. 1. 1. 1. 0.]\n",
      " [0. 0. 0. 0. 0. 0. 0.]]\n"
     ]
    }
   ],
   "source": [
    "Z = np.ones((5, 5))\n",
    "Z = np.pad(Z, pad_width=1, mode='constant', constant_values=0)\n",
    "print(Z)"
   ]
  },
  {
   "cell_type": "code",
   "execution_count": 19,
   "metadata": {
    "ExecuteTime": {
     "end_time": "2019-06-23T08:57:33.325195Z",
     "start_time": "2019-06-23T08:57:33.314678Z"
    }
   },
   "outputs": [
    {
     "name": "stdout",
     "output_type": "stream",
     "text": [
      "nan\n",
      "False\n",
      "False\n",
      "nan\n",
      "False\n"
     ]
    }
   ],
   "source": [
    "0 * np.nan\n",
    "np.nan == np.nan\n",
    "np.inf > np.nan\n",
    "np.nan - np.nan\n",
    "0.3 == 3 * 0.1\n",
    "print(0 * np.nan)\n",
    "print(np.nan == np.nan)\n",
    "print(np.inf > np.nan)\n",
    "print(np.nan - np.nan)\n",
    "print(0.3 == 3 * 0.1)"
   ]
  },
  {
   "cell_type": "code",
   "execution_count": 20,
   "metadata": {
    "ExecuteTime": {
     "end_time": "2019-06-23T08:57:42.259872Z",
     "start_time": "2019-06-23T08:57:42.253860Z"
    }
   },
   "outputs": [
    {
     "name": "stdout",
     "output_type": "stream",
     "text": [
      "[[0 0 0 0 0]\n",
      " [1 0 0 0 0]\n",
      " [0 2 0 0 0]\n",
      " [0 0 3 0 0]\n",
      " [0 0 0 4 0]]\n"
     ]
    }
   ],
   "source": [
    "Z = np.diag(1+np.arange(4), k=-1)\n",
    "print(Z)"
   ]
  },
  {
   "cell_type": "code",
   "execution_count": 21,
   "metadata": {
    "ExecuteTime": {
     "end_time": "2019-06-23T08:57:52.727318Z",
     "start_time": "2019-06-23T08:57:52.719328Z"
    }
   },
   "outputs": [
    {
     "name": "stdout",
     "output_type": "stream",
     "text": [
      "[[0 1 0 1 0 1 0 1]\n",
      " [1 0 1 0 1 0 1 0]\n",
      " [0 1 0 1 0 1 0 1]\n",
      " [1 0 1 0 1 0 1 0]\n",
      " [0 1 0 1 0 1 0 1]\n",
      " [1 0 1 0 1 0 1 0]\n",
      " [0 1 0 1 0 1 0 1]\n",
      " [1 0 1 0 1 0 1 0]]\n"
     ]
    }
   ],
   "source": [
    "Z = np.zeros((8, 8), dtype=int)\n",
    "Z[1::2, ::2] = 1\n",
    "Z[::2, 1::2] = 1\n",
    "print(Z)"
   ]
  },
  {
   "cell_type": "code",
   "execution_count": 22,
   "metadata": {
    "ExecuteTime": {
     "end_time": "2019-06-23T08:58:02.868886Z",
     "start_time": "2019-06-23T08:58:02.862883Z"
    }
   },
   "outputs": [
    {
     "name": "stdout",
     "output_type": "stream",
     "text": [
      "(1, 5, 4)\n"
     ]
    }
   ],
   "source": [
    "print(np.unravel_index(100, (6, 7, 8)))"
   ]
  },
  {
   "cell_type": "code",
   "execution_count": 23,
   "metadata": {
    "ExecuteTime": {
     "end_time": "2019-06-23T08:58:48.924700Z",
     "start_time": "2019-06-23T08:58:48.919696Z"
    },
    "hide_input": false
   },
   "outputs": [
    {
     "name": "stdout",
     "output_type": "stream",
     "text": [
      "[[0 1 0 1 0 1 0 1]\n",
      " [1 0 1 0 1 0 1 0]\n",
      " [0 1 0 1 0 1 0 1]\n",
      " [1 0 1 0 1 0 1 0]\n",
      " [0 1 0 1 0 1 0 1]\n",
      " [1 0 1 0 1 0 1 0]\n",
      " [0 1 0 1 0 1 0 1]\n",
      " [1 0 1 0 1 0 1 0]]\n"
     ]
    }
   ],
   "source": [
    "Z = np.tile(np.array([[0, 1], [1, 0]]), (4, 4))\n",
    "print(Z)"
   ]
  },
  {
   "cell_type": "code",
   "execution_count": 24,
   "metadata": {},
   "outputs": [
    {
     "name": "stdout",
     "output_type": "stream",
     "text": [
      "[[0.75540808 0.90862994 0.76061336 1.         0.29735955]\n",
      " [0.50547935 0.32144729 0.55887868 0.         0.67614442]\n",
      " [0.9536987  0.37544106 0.49053965 0.07780672 0.14962368]\n",
      " [0.75125541 0.75379215 0.54319396 0.89768246 0.57683993]\n",
      " [0.46544127 0.17330309 0.53329734 0.55737829 0.33146005]]\n"
     ]
    }
   ],
   "source": [
    "Z = np.random.random((5, 5))\n",
    "Zmax, Zmin = Z.max(), Z.min()\n",
    "Z = (Z - Zmin)/(Zmax - Zmin)\n",
    "print(Z)"
   ]
  },
  {
   "cell_type": "code",
   "execution_count": 25,
   "metadata": {},
   "outputs": [
    {
     "data": {
      "text/plain": [
       "dtype([('r', 'u1'), ('g', 'u1'), ('b', 'u1'), ('a', 'u1')])"
      ]
     },
     "execution_count": 25,
     "metadata": {},
     "output_type": "execute_result"
    }
   ],
   "source": [
    "color = np.dtype([(\"r\", np.ubyte, 1),\n",
    "                  (\"g\", np.ubyte, 1),\n",
    "                  (\"b\", np.ubyte, 1),\n",
    "                  (\"a\", np.ubyte, 1)])\n",
    "color"
   ]
  },
  {
   "cell_type": "code",
   "execution_count": 26,
   "metadata": {},
   "outputs": [
    {
     "name": "stdout",
     "output_type": "stream",
     "text": [
      "[[3. 3.]\n",
      " [3. 3.]\n",
      " [3. 3.]\n",
      " [3. 3.]\n",
      " [3. 3.]]\n"
     ]
    }
   ],
   "source": [
    "Z = np.dot(np.ones((5, 3)), np.ones((3, 2)))\n",
    "print(Z)"
   ]
  },
  {
   "cell_type": "code",
   "execution_count": 27,
   "metadata": {},
   "outputs": [
    {
     "name": "stdout",
     "output_type": "stream",
     "text": [
      "[ 0  1  2  3 -4 -5 -6 -7 -8  9 10]\n"
     ]
    }
   ],
   "source": [
    "Z = np.arange(11)\n",
    "Z[(3 < Z) & (Z <= 8)] *= -1\n",
    "print(Z)"
   ]
  },
  {
   "cell_type": "code",
   "execution_count": 28,
   "metadata": {},
   "outputs": [
    {
     "name": "stdout",
     "output_type": "stream",
     "text": [
      "9\n",
      "10\n"
     ]
    }
   ],
   "source": [
    "from numpy import *\n",
    "print(sum(range(5), -1))\n",
    "print(sum(range(5), -1))"
   ]
  },
  {
   "cell_type": "code",
   "execution_count": 29,
   "metadata": {},
   "outputs": [
    {
     "name": "stdout",
     "output_type": "stream",
     "text": [
      "10\n",
      "10\n"
     ]
    }
   ],
   "source": [
    "from numpy import *\n",
    "print(sum(range(5), -1))\n",
    "print(sum(range(5), -1))"
   ]
  },
  {
   "cell_type": "code",
   "execution_count": 30,
   "metadata": {},
   "outputs": [
    {
     "name": "stdout",
     "output_type": "stream",
     "text": [
      "nan\n",
      "0\n",
      "[-2.14748365e+09]\n"
     ]
    },
    {
     "name": "stderr",
     "output_type": "stream",
     "text": [
      "d:\\ProgramData\\Anaconda3\\lib\\site-packages\\ipykernel_launcher.py:1: RuntimeWarning: invalid value encountered in true_divide\n",
      "  \"\"\"Entry point for launching an IPython kernel.\n",
      "d:\\ProgramData\\Anaconda3\\lib\\site-packages\\ipykernel_launcher.py:2: RuntimeWarning: divide by zero encountered in floor_divide\n",
      "  \n"
     ]
    }
   ],
   "source": [
    "print(np.array(0) / np.array(0))\n",
    "print(np.array(0) // np.array(0))\n",
    "print(np.array([np.nan]).astype(int).astype(float))"
   ]
  },
  {
   "cell_type": "code",
   "execution_count": 31,
   "metadata": {},
   "outputs": [
    {
     "name": "stdout",
     "output_type": "stream",
     "text": [
      "[ 5.  9. -1.  2. -2.  6. -5.  4. -6. -1.]\n"
     ]
    }
   ],
   "source": [
    "Z = np.random.uniform(-10, +10, 10)\n",
    "print(np.copysign(np.ceil(np.abs(Z)), Z))"
   ]
  },
  {
   "cell_type": "code",
   "execution_count": 32,
   "metadata": {},
   "outputs": [
    {
     "name": "stdout",
     "output_type": "stream",
     "text": [
      "[0 2 3 4]\n"
     ]
    }
   ],
   "source": [
    "Z1 = np.random.randint(0, 10, 10)\n",
    "Z2 = np.random.randint(0, 10, 10)\n",
    "print(np.intersect1d(Z1, Z2))"
   ]
  },
  {
   "cell_type": "code",
   "execution_count": 33,
   "metadata": {},
   "outputs": [
    {
     "name": "stderr",
     "output_type": "stream",
     "text": [
      "d:\\ProgramData\\Anaconda3\\lib\\site-packages\\ipykernel_launcher.py:1: RuntimeWarning: invalid value encountered in sqrt\n",
      "  \"\"\"Entry point for launching an IPython kernel.\n"
     ]
    },
    {
     "data": {
      "text/plain": [
       "False"
      ]
     },
     "execution_count": 33,
     "metadata": {},
     "output_type": "execute_result"
    }
   ],
   "source": [
    "np.sqrt(-1) == np.emath.sqrt(-1)\n"
   ]
  },
  {
   "cell_type": "code",
   "execution_count": 34,
   "metadata": {},
   "outputs": [
    {
     "name": "stdout",
     "output_type": "stream",
     "text": [
      "Yesterday is 2019-06-22\n",
      "Today is 2019-06-23\n",
      "Tomorrow is 2019-06-24\n"
     ]
    }
   ],
   "source": [
    "yesterday = np.datetime64('today', 'D') - np.timedelta64(1, 'D')\n",
    "today = np.datetime64('today', 'D')\n",
    "tomorrow = np.datetime64('today', 'D') + np.timedelta64(1, 'D')\n",
    "print(\"Yesterday is \" + str(yesterday))\n",
    "print(\"Today is \" + str(today))\n",
    "print(\"Tomorrow is \" + str(tomorrow))"
   ]
  },
  {
   "cell_type": "code",
   "execution_count": 35,
   "metadata": {},
   "outputs": [
    {
     "name": "stdout",
     "output_type": "stream",
     "text": [
      "['2016-07-01' '2016-07-02' '2016-07-03' '2016-07-04' '2016-07-05'\n",
      " '2016-07-06' '2016-07-07' '2016-07-08' '2016-07-09' '2016-07-10'\n",
      " '2016-07-11' '2016-07-12' '2016-07-13' '2016-07-14' '2016-07-15'\n",
      " '2016-07-16' '2016-07-17' '2016-07-18' '2016-07-19' '2016-07-20'\n",
      " '2016-07-21' '2016-07-22' '2016-07-23' '2016-07-24' '2016-07-25'\n",
      " '2016-07-26' '2016-07-27' '2016-07-28' '2016-07-29' '2016-07-30'\n",
      " '2016-07-31']\n"
     ]
    }
   ],
   "source": [
    "Z = np.arange('2016-07', '2016-08', dtype='datetime64[D]')\n",
    "print(Z)"
   ]
  },
  {
   "cell_type": "code",
   "execution_count": 36,
   "metadata": {},
   "outputs": [
    {
     "data": {
      "text/plain": [
       "array([3., 3., 3.])"
      ]
     },
     "execution_count": 36,
     "metadata": {},
     "output_type": "execute_result"
    }
   ],
   "source": [
    "A = np.ones(3)*1\n",
    "B = np.ones(3)*2\n",
    "C = np.ones(3)*3\n",
    "np.add(A, B, out=B)"
   ]
  },
  {
   "cell_type": "code",
   "execution_count": 37,
   "metadata": {},
   "outputs": [
    {
     "name": "stdout",
     "output_type": "stream",
     "text": [
      "[8. 1. 5. 0. 5. 3. 7. 0. 6. 4.]\n",
      "[8. 1. 5. 0. 5. 3. 7. 0. 6. 4.]\n",
      "[8. 1. 5. 0. 5. 3. 7. 0. 6. 4.]\n",
      "[8 1 5 0 5 3 7 0 6 4]\n",
      "[8. 1. 5. 0. 5. 3. 7. 0. 6. 4.]\n"
     ]
    }
   ],
   "source": [
    "Z = np.random.uniform(0, 10, 10)\n",
    "print(Z - Z % 1)\n",
    "print(np.floor(Z))\n",
    "print(np.ceil(Z)-1)\n",
    "print(Z.astype(int))\n",
    "print(np.trunc(Z))"
   ]
  },
  {
   "cell_type": "code",
   "execution_count": 38,
   "metadata": {},
   "outputs": [
    {
     "name": "stdout",
     "output_type": "stream",
     "text": [
      "[[0. 1. 2. 3. 4.]\n",
      " [0. 1. 2. 3. 4.]\n",
      " [0. 1. 2. 3. 4.]\n",
      " [0. 1. 2. 3. 4.]\n",
      " [0. 1. 2. 3. 4.]]\n"
     ]
    }
   ],
   "source": [
    "Z = np.zeros((5, 5))\n",
    "Z += np.arange(5)\n",
    "print(Z)"
   ]
  },
  {
   "cell_type": "code",
   "execution_count": 39,
   "metadata": {},
   "outputs": [
    {
     "name": "stdout",
     "output_type": "stream",
     "text": [
      "[0. 1. 2. 3. 4. 5. 6. 7. 8. 9.]\n"
     ]
    }
   ],
   "source": [
    "def generate():\n",
    "    for x in range(10):\n",
    "        yield x\n",
    "\n",
    "\n",
    "Z = np.fromiter(generate(), dtype=float, count=-1)\n",
    "print(Z)"
   ]
  },
  {
   "cell_type": "code",
   "execution_count": 40,
   "metadata": {},
   "outputs": [
    {
     "name": "stdout",
     "output_type": "stream",
     "text": [
      "[0.09090909 0.18181818 0.27272727 0.36363636 0.45454545 0.54545455\n",
      " 0.63636364 0.72727273 0.81818182 0.90909091]\n"
     ]
    }
   ],
   "source": [
    "Z = np.linspace(0, 1, 11, endpoint=False)[1:]\n",
    "print(Z)"
   ]
  },
  {
   "cell_type": "code",
   "execution_count": 41,
   "metadata": {},
   "outputs": [
    {
     "name": "stdout",
     "output_type": "stream",
     "text": [
      "[0.29331643 0.36146618 0.39707633 0.6595027  0.68158615 0.82298809\n",
      " 0.83559552 0.86595305 0.86753754 0.99299522]\n"
     ]
    }
   ],
   "source": [
    "Z = np.random.random(10)\n",
    "Z.sort()\n",
    "print(Z)"
   ]
  },
  {
   "cell_type": "code",
   "execution_count": 42,
   "metadata": {},
   "outputs": [
    {
     "data": {
      "text/plain": [
       "45"
      ]
     },
     "execution_count": 42,
     "metadata": {},
     "output_type": "execute_result"
    }
   ],
   "source": [
    "Z = np.arange(10)\n",
    "np.add.reduce(Z)"
   ]
  },
  {
   "cell_type": "code",
   "execution_count": 44,
   "metadata": {},
   "outputs": [
    {
     "name": "stdout",
     "output_type": "stream",
     "text": [
      "False\n"
     ]
    }
   ],
   "source": [
    "A = np.random.randint(0, 2, 5)\n",
    "B = np.random.randint(0, 2, 5)\n",
    "equal = np.allclose(A, B)\n",
    "print(equal)"
   ]
  },
  {
   "cell_type": "code",
   "execution_count": 45,
   "metadata": {},
   "outputs": [
    {
     "name": "stdout",
     "output_type": "stream",
     "text": [
      "False\n"
     ]
    }
   ],
   "source": [
    "equal = np.array_equal(A, B)\n",
    "print(equal)"
   ]
  },
  {
   "cell_type": "code",
   "execution_count": 46,
   "metadata": {},
   "outputs": [
    {
     "name": "stdout",
     "output_type": "stream",
     "text": [
      "[0.63065166 0.97170789 0.91885777 1.14813757 0.89100848 0.23065024\n",
      " 1.1152222  0.92818239 0.21943334 1.32428406]\n",
      "[0.80224092 1.08293822 0.22406469 0.82459062 0.07840596 1.31739303\n",
      " 0.93411068 1.16606931 0.71100106 0.71832191]\n"
     ]
    }
   ],
   "source": [
    "Z = np.random.random((10, 2))\n",
    "X, Y = Z[:, 0], Z[:, 1]\n",
    "R = np.sqrt(X**2+Y**2)\n",
    "T = np.arctan2(Y, X)\n",
    "print(R)\n",
    "print(T)"
   ]
  },
  {
   "cell_type": "code",
   "execution_count": 47,
   "metadata": {},
   "outputs": [
    {
     "name": "stdout",
     "output_type": "stream",
     "text": [
      "[0.60335265 0.56496053 0.20861218 0.79338045 0.8010072  0.71968112\n",
      " 0.         0.7393958  0.11590391 0.31400765]\n"
     ]
    }
   ],
   "source": [
    "Z = np.random.random(10)\n",
    "Z[Z.argmax()] = 0\n",
    "print(Z)"
   ]
  },
  {
   "cell_type": "code",
   "execution_count": 48,
   "metadata": {},
   "outputs": [
    {
     "name": "stdout",
     "output_type": "stream",
     "text": [
      "[[(0.  , 0.  ) (0.25, 0.  ) (0.5 , 0.  ) (0.75, 0.  ) (1.  , 0.  )]\n",
      " [(0.  , 0.25) (0.25, 0.25) (0.5 , 0.25) (0.75, 0.25) (1.  , 0.25)]\n",
      " [(0.  , 0.5 ) (0.25, 0.5 ) (0.5 , 0.5 ) (0.75, 0.5 ) (1.  , 0.5 )]\n",
      " [(0.  , 0.75) (0.25, 0.75) (0.5 , 0.75) (0.75, 0.75) (1.  , 0.75)]\n",
      " [(0.  , 1.  ) (0.25, 1.  ) (0.5 , 1.  ) (0.75, 1.  ) (1.  , 1.  )]]\n"
     ]
    }
   ],
   "source": [
    "Z = np.zeros((5, 5), [('x', float), ('y', float)])\n",
    "Z['x'], Z['y'] = np.meshgrid(np.linspace(0, 1, 5),\n",
    "                             np.linspace(0, 1, 5))\n",
    "print(Z)"
   ]
  },
  {
   "cell_type": "code",
   "execution_count": 49,
   "metadata": {},
   "outputs": [
    {
     "name": "stdout",
     "output_type": "stream",
     "text": [
      "3638.1636371179666\n"
     ]
    }
   ],
   "source": [
    "X = np.arange(8)\n",
    "Y = X + 0.5\n",
    "C = 1.0 / np.subtract.outer(X, Y)\n",
    "print(np.linalg.det(C))"
   ]
  },
  {
   "cell_type": "code",
   "execution_count": 50,
   "metadata": {},
   "outputs": [
    {
     "name": "stdout",
     "output_type": "stream",
     "text": [
      "-128\n",
      "127\n",
      "-2147483648\n",
      "2147483647\n",
      "-9223372036854775808\n",
      "9223372036854775807\n",
      "-3.4028235e+38\n",
      "3.4028235e+38\n",
      "1.1920929e-07\n",
      "-1.7976931348623157e+308\n",
      "1.7976931348623157e+308\n",
      "2.220446049250313e-16\n"
     ]
    }
   ],
   "source": [
    "for dtype in [np.int8, np.int32, np.int64]:\n",
    "    print(np.iinfo(dtype).min)\n",
    "    print(np.iinfo(dtype).max)\n",
    "\n",
    "for dtype in [np.float32, np.float64]:\n",
    "    print(np.finfo(dtype).min)\n",
    "    print(np.finfo(dtype).max)\n",
    "    print(np.finfo(dtype).eps)"
   ]
  },
  {
   "cell_type": "code",
   "execution_count": 51,
   "metadata": {},
   "outputs": [
    {
     "name": "stdout",
     "output_type": "stream",
     "text": [
      "[[0. 0. 0. 0. 0. 0. 0. 0. 0. 0. 0. 0. 0. 0. 0. 0.]\n",
      " [0. 0. 0. 0. 0. 0. 0. 0. 0. 0. 0. 0. 0. 0. 0. 0.]\n",
      " [0. 0. 0. 0. 0. 0. 0. 0. 0. 0. 0. 0. 0. 0. 0. 0.]\n",
      " [0. 0. 0. 0. 0. 0. 0. 0. 0. 0. 0. 0. 0. 0. 0. 0.]\n",
      " [0. 0. 0. 0. 0. 0. 0. 0. 0. 0. 0. 0. 0. 0. 0. 0.]\n",
      " [0. 0. 0. 0. 0. 0. 0. 0. 0. 0. 0. 0. 0. 0. 0. 0.]\n",
      " [0. 0. 0. 0. 0. 0. 0. 0. 0. 0. 0. 0. 0. 0. 0. 0.]\n",
      " [0. 0. 0. 0. 0. 0. 0. 0. 0. 0. 0. 0. 0. 0. 0. 0.]\n",
      " [0. 0. 0. 0. 0. 0. 0. 0. 0. 0. 0. 0. 0. 0. 0. 0.]\n",
      " [0. 0. 0. 0. 0. 0. 0. 0. 0. 0. 0. 0. 0. 0. 0. 0.]\n",
      " [0. 0. 0. 0. 0. 0. 0. 0. 0. 0. 0. 0. 0. 0. 0. 0.]\n",
      " [0. 0. 0. 0. 0. 0. 0. 0. 0. 0. 0. 0. 0. 0. 0. 0.]\n",
      " [0. 0. 0. 0. 0. 0. 0. 0. 0. 0. 0. 0. 0. 0. 0. 0.]\n",
      " [0. 0. 0. 0. 0. 0. 0. 0. 0. 0. 0. 0. 0. 0. 0. 0.]\n",
      " [0. 0. 0. 0. 0. 0. 0. 0. 0. 0. 0. 0. 0. 0. 0. 0.]\n",
      " [0. 0. 0. 0. 0. 0. 0. 0. 0. 0. 0. 0. 0. 0. 0. 0.]]\n"
     ]
    }
   ],
   "source": [
    "np.set_printoptions(threshold=np.nan)\n",
    "Z = np.zeros((16, 16))\n",
    "print(Z)"
   ]
  },
  {
   "cell_type": "code",
   "execution_count": 52,
   "metadata": {},
   "outputs": [
    {
     "name": "stdout",
     "output_type": "stream",
     "text": [
      "71\n"
     ]
    }
   ],
   "source": [
    "Z = np.arange(100)\n",
    "v = np.random.uniform(0, 100)\n",
    "index = (np.abs(Z-v)).argmin()\n",
    "print(Z[index])"
   ]
  },
  {
   "cell_type": "code",
   "execution_count": 53,
   "metadata": {},
   "outputs": [
    {
     "name": "stdout",
     "output_type": "stream",
     "text": [
      "[((0., 0.), (0., 0., 0.)) ((0., 0.), (0., 0., 0.))\n",
      " ((0., 0.), (0., 0., 0.)) ((0., 0.), (0., 0., 0.))\n",
      " ((0., 0.), (0., 0., 0.)) ((0., 0.), (0., 0., 0.))\n",
      " ((0., 0.), (0., 0., 0.)) ((0., 0.), (0., 0., 0.))\n",
      " ((0., 0.), (0., 0., 0.)) ((0., 0.), (0., 0., 0.))]\n"
     ]
    }
   ],
   "source": [
    "Z = np.zeros(10, [('position', [('x', float, 1),\n",
    "                                ('y', float, 1)]),\n",
    "                  ('color',    [('r', float, 1),\n",
    "                                ('g', float, 1),\n",
    "                                ('b', float, 1)])])\n",
    "print(Z)"
   ]
  },
  {
   "cell_type": "code",
   "execution_count": 54,
   "metadata": {},
   "outputs": [
    {
     "name": "stdout",
     "output_type": "stream",
     "text": [
      "[[0.         0.29367786 1.09674295 0.86295623 0.40216326 0.62139738\n",
      "  0.67038155 0.19510837 0.71758257 0.46096231]\n",
      " [0.29367786 0.         0.96120559 0.62679105 0.21583959 0.62276147\n",
      "  0.60533628 0.182282   0.44566094 0.59273142]\n",
      " [1.09674295 0.96120559 0.         0.48555259 0.7473085  0.56362455\n",
      "  0.4474485  0.91331189 0.69384189 0.84237715]\n",
      " [0.86295623 0.62679105 0.48555259 0.         0.46098841 0.62555262\n",
      "  0.48870745 0.66981138 0.22959921 0.83558566]\n",
      " [0.40216326 0.21583959 0.7473085  0.46098841 0.         0.44167641\n",
      "  0.39893254 0.20902274 0.34249694 0.49555572]\n",
      " [0.62139738 0.62276147 0.56362455 0.62555262 0.44167641 0.\n",
      "  0.14416804 0.48622648 0.6683856  0.27878562]\n",
      " [0.67038155 0.60533628 0.4474485  0.48870745 0.39893254 0.14416804\n",
      "  0.         0.5047624  0.55861821 0.40752884]\n",
      " [0.19510837 0.182282   0.91331189 0.66981138 0.20902274 0.48622648\n",
      "  0.5047624  0.         0.53859124 0.41383138]\n",
      " [0.71758257 0.44566094 0.69384189 0.22959921 0.34249694 0.6683856\n",
      "  0.55861821 0.53859124 0.         0.81111998]\n",
      " [0.46096231 0.59273142 0.84237715 0.83558566 0.49555572 0.27878562\n",
      "  0.40752884 0.41383138 0.81111998 0.        ]]\n"
     ]
    }
   ],
   "source": [
    "Z = np.random.random((10,2))\n",
    "X,Y = np.atleast_2d(Z[:,0], Z[:,1])\n",
    "D = np.sqrt( (X-X.T)**2 + (Y-Y.T)**2)\n",
    "print (D)"
   ]
  },
  {
   "cell_type": "code",
   "execution_count": 55,
   "metadata": {},
   "outputs": [
    {
     "name": "stdout",
     "output_type": "stream",
     "text": [
      "[[0.         0.29367786 1.09674295 0.86295623 0.40216326 0.62139738\n",
      "  0.67038155 0.19510837 0.71758257 0.46096231]\n",
      " [0.29367786 0.         0.96120559 0.62679105 0.21583959 0.62276147\n",
      "  0.60533628 0.182282   0.44566094 0.59273142]\n",
      " [1.09674295 0.96120559 0.         0.48555259 0.7473085  0.56362455\n",
      "  0.4474485  0.91331189 0.69384189 0.84237715]\n",
      " [0.86295623 0.62679105 0.48555259 0.         0.46098841 0.62555262\n",
      "  0.48870745 0.66981138 0.22959921 0.83558566]\n",
      " [0.40216326 0.21583959 0.7473085  0.46098841 0.         0.44167641\n",
      "  0.39893254 0.20902274 0.34249694 0.49555572]\n",
      " [0.62139738 0.62276147 0.56362455 0.62555262 0.44167641 0.\n",
      "  0.14416804 0.48622648 0.6683856  0.27878562]\n",
      " [0.67038155 0.60533628 0.4474485  0.48870745 0.39893254 0.14416804\n",
      "  0.         0.5047624  0.55861821 0.40752884]\n",
      " [0.19510837 0.182282   0.91331189 0.66981138 0.20902274 0.48622648\n",
      "  0.5047624  0.         0.53859124 0.41383138]\n",
      " [0.71758257 0.44566094 0.69384189 0.22959921 0.34249694 0.6683856\n",
      "  0.55861821 0.53859124 0.         0.81111998]\n",
      " [0.46096231 0.59273142 0.84237715 0.83558566 0.49555572 0.27878562\n",
      "  0.40752884 0.41383138 0.81111998 0.        ]]\n"
     ]
    }
   ],
   "source": [
    "import scipy\n",
    "import scipy.spatial\n",
    "D = scipy.spatial.distance.cdist(Z, Z)\n",
    "print(D)"
   ]
  },
  {
   "cell_type": "code",
   "execution_count": 56,
   "metadata": {},
   "outputs": [
    {
     "name": "stdout",
     "output_type": "stream",
     "text": [
      "[0. 1. 2. 3. 4. 5. 6. 7. 8. 9.]\n"
     ]
    }
   ],
   "source": [
    "# 如何将32位的浮点数(float)转换为对应的整数(integer)?\n",
    "Z = np.arange(10, dtype=np.int32)\n",
    "Z = Z.astype(np.float32, copy=False)\n",
    "print(Z)"
   ]
  },
  {
   "cell_type": "code",
   "execution_count": 57,
   "metadata": {},
   "outputs": [
    {
     "name": "stdout",
     "output_type": "stream",
     "text": [
      "(0, 0) 0\n",
      "(0, 1) 1\n",
      "(0, 2) 2\n",
      "(1, 0) 3\n",
      "(1, 1) 4\n",
      "(1, 2) 5\n",
      "(2, 0) 6\n",
      "(2, 1) 7\n",
      "(2, 2) 8\n",
      "(0, 0) 0\n",
      "(0, 1) 1\n",
      "(0, 2) 2\n",
      "(1, 0) 3\n",
      "(1, 1) 4\n",
      "(1, 2) 5\n",
      "(2, 0) 6\n",
      "(2, 1) 7\n",
      "(2, 2) 8\n"
     ]
    }
   ],
   "source": [
    "# 对于numpy数组，enumerate的等价操作是什么？\n",
    "Z = np.arange(9).reshape(3, 3)\n",
    "for index, value in np.ndenumerate(Z):\n",
    "    print(index, value)\n",
    "for index in np.ndindex(Z.shape):\n",
    "    print(index, Z[index])"
   ]
  },
  {
   "cell_type": "code",
   "execution_count": 58,
   "metadata": {},
   "outputs": [
    {
     "name": "stdout",
     "output_type": "stream",
     "text": [
      "[[0.36787944 0.44822088 0.51979489 0.57375342 0.60279818 0.60279818\n",
      "  0.57375342 0.51979489 0.44822088 0.36787944]\n",
      " [0.44822088 0.54610814 0.63331324 0.69905581 0.73444367 0.73444367\n",
      "  0.69905581 0.63331324 0.54610814 0.44822088]\n",
      " [0.51979489 0.63331324 0.73444367 0.81068432 0.85172308 0.85172308\n",
      "  0.81068432 0.73444367 0.63331324 0.51979489]\n",
      " [0.57375342 0.69905581 0.81068432 0.89483932 0.9401382  0.9401382\n",
      "  0.89483932 0.81068432 0.69905581 0.57375342]\n",
      " [0.60279818 0.73444367 0.85172308 0.9401382  0.98773022 0.98773022\n",
      "  0.9401382  0.85172308 0.73444367 0.60279818]\n",
      " [0.60279818 0.73444367 0.85172308 0.9401382  0.98773022 0.98773022\n",
      "  0.9401382  0.85172308 0.73444367 0.60279818]\n",
      " [0.57375342 0.69905581 0.81068432 0.89483932 0.9401382  0.9401382\n",
      "  0.89483932 0.81068432 0.69905581 0.57375342]\n",
      " [0.51979489 0.63331324 0.73444367 0.81068432 0.85172308 0.85172308\n",
      "  0.81068432 0.73444367 0.63331324 0.51979489]\n",
      " [0.44822088 0.54610814 0.63331324 0.69905581 0.73444367 0.73444367\n",
      "  0.69905581 0.63331324 0.54610814 0.44822088]\n",
      " [0.36787944 0.44822088 0.51979489 0.57375342 0.60279818 0.60279818\n",
      "  0.57375342 0.51979489 0.44822088 0.36787944]]\n"
     ]
    }
   ],
   "source": [
    "# 生成一个通用的二维Gaussian-like数组\n",
    "X, Y = np.meshgrid(np.linspace(-1, 1, 10), np.linspace(-1, 1, 10))\n",
    "D = np.sqrt(X*X+Y*Y)\n",
    "sigma, mu = 1.0, 0.0\n",
    "G = np.exp(-((D-mu)**2 / (2.0 * sigma**2)))\n",
    "print(G)"
   ]
  },
  {
   "cell_type": "code",
   "execution_count": 59,
   "metadata": {},
   "outputs": [
    {
     "name": "stdout",
     "output_type": "stream",
     "text": [
      "[[1. 0. 0. 0. 0. 0. 0. 0. 0. 0.]\n",
      " [0. 0. 0. 0. 0. 0. 0. 0. 0. 0.]\n",
      " [0. 0. 0. 0. 0. 0. 0. 0. 0. 0.]\n",
      " [0. 0. 0. 0. 0. 0. 0. 0. 0. 0.]\n",
      " [0. 0. 0. 0. 0. 0. 0. 0. 0. 1.]\n",
      " [0. 0. 0. 0. 0. 0. 0. 0. 0. 0.]\n",
      " [0. 0. 0. 0. 0. 0. 0. 0. 0. 0.]\n",
      " [0. 0. 0. 0. 0. 0. 0. 0. 0. 0.]\n",
      " [0. 0. 0. 0. 0. 0. 0. 0. 0. 0.]\n",
      " [0. 0. 0. 1. 0. 0. 0. 0. 0. 0.]]\n"
     ]
    }
   ],
   "source": [
    "# 对一个二维数组，如何在其内部随机放置p个元素?\n",
    "n = 10\n",
    "p = 3\n",
    "Z = np.zeros((n, n))\n",
    "np.put(Z, np.random.choice(range(n*n), p, replace=False), 1)\n",
    "print(Z)"
   ]
  },
  {
   "cell_type": "code",
   "execution_count": 60,
   "metadata": {},
   "outputs": [
    {
     "name": "stdout",
     "output_type": "stream",
     "text": [
      "[[ 0.19906557 -0.14944253  0.18104159 -0.04570336 -0.2471907   0.38983394\n",
      "  -0.26450782 -0.18200239 -0.09504611  0.21395181]\n",
      " [-0.25954979 -0.34962591  0.00557056  0.32828124  0.47132607  0.07480513\n",
      "  -0.19124122 -0.38548303 -0.12991252  0.43582948]\n",
      " [ 0.43391024  0.18725765  0.341497   -0.02808949 -0.48126976 -0.19629034\n",
      "   0.14602829 -0.13513367 -0.48327403  0.2153641 ]\n",
      " [ 0.17136333  0.0703458   0.01903955 -0.55406336  0.29037238 -0.52511117\n",
      "  -0.09786004  0.2851932   0.28516586  0.05555445]\n",
      " [-0.24143078  0.35812275  0.32063046 -0.39010988 -0.43769167 -0.07071897\n",
      "   0.40671651 -0.15745599  0.37983323 -0.16789565]]\n",
      "[[ 0.19906557 -0.14944253  0.18104159 -0.04570336 -0.2471907   0.38983394\n",
      "  -0.26450782 -0.18200239 -0.09504611  0.21395181]\n",
      " [-0.25954979 -0.34962591  0.00557056  0.32828124  0.47132607  0.07480513\n",
      "  -0.19124122 -0.38548303 -0.12991252  0.43582948]\n",
      " [ 0.43391024  0.18725765  0.341497   -0.02808949 -0.48126976 -0.19629034\n",
      "   0.14602829 -0.13513367 -0.48327403  0.2153641 ]\n",
      " [ 0.17136333  0.0703458   0.01903955 -0.55406336  0.29037238 -0.52511117\n",
      "  -0.09786004  0.2851932   0.28516586  0.05555445]\n",
      " [-0.24143078  0.35812275  0.32063046 -0.39010988 -0.43769167 -0.07071897\n",
      "   0.40671651 -0.15745599  0.37983323 -0.16789565]]\n"
     ]
    }
   ],
   "source": [
    "# 减去一个矩阵中的每一行的平均值\n",
    "X = np.random.rand(5, 10)\n",
    "# Recent versions of numpy\n",
    "Y = X - X.mean(axis=1, keepdims=True)\n",
    "print(Y)\n",
    "Y = X - X.mean(axis=1).reshape(-1, 1)\n",
    "print(Y)"
   ]
  },
  {
   "cell_type": "code",
   "execution_count": 61,
   "metadata": {},
   "outputs": [
    {
     "name": "stdout",
     "output_type": "stream",
     "text": [
      "[[7 0 8]\n",
      " [0 7 4]\n",
      " [9 5 6]]\n",
      "[[7 0 8]\n",
      " [9 5 6]\n",
      " [0 7 4]]\n"
     ]
    }
   ],
   "source": [
    "# 如何通过第n列对一个数组进行排序?\n",
    "Z = np.random.randint(0, 10, (3, 3))\n",
    "print(Z)\n",
    "print(Z[Z[:, 1].argsort()])"
   ]
  },
  {
   "cell_type": "code",
   "execution_count": 62,
   "metadata": {},
   "outputs": [
    {
     "name": "stdout",
     "output_type": "stream",
     "text": [
      "False\n"
     ]
    }
   ],
   "source": [
    "# 如何检查一个二维数组是否有空列？\n",
    "Z = np.random.randint(0, 3, (3, 10))\n",
    "print((~Z.any(axis=0)).any())"
   ]
  },
  {
   "cell_type": "code",
   "execution_count": 63,
   "metadata": {},
   "outputs": [
    {
     "name": "stdout",
     "output_type": "stream",
     "text": [
      "0.6138448932863242\n"
     ]
    }
   ],
   "source": [
    "# 从数组中的给定值中找出最近的值\n",
    "Z = np.random.uniform(0, 1, 10)\n",
    "z = 0.5\n",
    "m = Z.flat[np.abs(Z - z).argmin()]\n",
    "print(m)"
   ]
  },
  {
   "cell_type": "code",
   "execution_count": 64,
   "metadata": {},
   "outputs": [
    {
     "name": "stdout",
     "output_type": "stream",
     "text": [
      "[[0 1 2]\n",
      " [1 2 3]\n",
      " [2 3 4]]\n"
     ]
    }
   ],
